rwx_p3_1 seed 1 (47,29) w -2 b1 43633 b1/6 3 c2 55887 c2/4 3 cells 1180 residuals [-41, -40, -39, -38, -37, -36, -35, -34, -33, -32, -31, -30, -29, -28, -27, -26, -25, -24, -22, -21, -18, -17, -16, -15, -14, -13, -12, -11, -10, -9, -8, -7, -6, -5, -4, -3, -2, -1, 0, 1, 2]
rwx_p3_2 seed 2 (21,13) w 0 b1 3433 b1/6 0 c2 63464 c2/4 3 cells 1721 residuals [-26, -23, -22, -21, -20, -19, -18, -17, -12, -10, -7, -3, -2, -1, 0, 3]
rwx_p3_3 seed 0 (56,18) w 0 b1 16826 b1/6 1 c2 33921 c2/4 2 cells 1835 residuals [-10, -9, -8, -7, -6, -5, -4, -3, -2, -1, 0]
rwx_p3_6 seed 2 (33,14) w -2 b1 42468 b1/6 3 c2 1746 c2/4 0 cells 1789 residuals [-19, -18, -14, -9, -6, -4, -3, -2, -1, 0, 1, 4]
rwx_p3_13 seed 0 (52,14) w 0 b1 48219 b1/6 4 c2 14550 c2/4 0 cells 1872 residuals [-3, -1, 0, 3]
rwx_p3_14 seed 2 (17,20) w -3 b1 53980 b1/6 4 c2 26291 c2/4 1 cells 1159 residuals [-42, -39, -38, -37, -36, -34, -32, -31, -29, -26, -24, -23, -21, -20, -18, -17, -16, -14, -12, -10, -9, -8, -7, -6, -5, -4, -3, -2, -1, 0, 1]
rwx_p3_15 seed 1 (4,30) w 2 b1 28113 b1/6 2 c2 62953 c2/4 3 cells 986 residuals [-65, -64, -63, -62, -60, -55, -53, -52, -51, -49, -48, -47, -45, -44, -43, -42, -40, -37, -35, -33, -31, -29, -28, -27, -26, -25, -24, -23, -22, -21, -20, -19, -18, -17, -16, -15, -14, -13, -12, -11, -10, -9, -8, -7, -6, -5, -4, -3, -2, -1, 0]
rwx_p3_18 seed 1 (7,2) w 0 b1 29297 b1/6 2 c2 43270 c2/4 2 cells 1664 residuals [-18, -17, -15, -14, -13, -12, -11, -10, -9, -8, -7, -6, -5, -4, -3, -2, -1, 0]
rwx_p3_20 seed 0 (12,0) w -1 b1 2415 b1/6 0 c2 22603 c2/4 1 cells 1894 residuals [-14, -13, -12, -11, -10, -9, -8, -7, -6, -5, -4, -3, -2, -1, 0]
rwxy_p3 seed 1 (41,18) w 0 b1 11103 b1/6 1 c2 3301 c2/4 0 cells 1658 residuals [-18, -16, -15, -14, -13, -12, -11, -10, -9, -8, -7, -6, -5, -4, -3, -2, -1, 0, 4]
rpolar_p3 seed 2 (27,16) w 0 b1 59970 b1/6 5 c2 36992 c2/4 2 cells 1367 residuals [-32, -29, -25, -24, -23, -22, -21, -20, -19, -18, -17, -15, -14, -12, -9, -8, 0]
